 51  7.0  3.2  4.7  1.4
 52  6.4  3.2  4.5  1.5
 53  6.9  3.1  4.9  1.5
 54  5.5  2.3  4.0  1.3
 55  6.5  2.8  4.6  1.5
 56  5.7  2.8  4.5  1.3
 57  6.3  3.3  4.7  1.6
 58  4.9  2.4  3.3  1.0
 59  6.6  2.9  4.6  1.3
 60  5.2  2.7  3.9  1.4
 61  5.0  2.0  3.5  1.0
 62  5.9  3.0  4.2  1.5
 63  6.0  2.2  4.0  1.0
 64  6.1  2.9  4.7  1.4
 65  5.6  2.9  3.9  1.3
 66  6.7  3.1  4.4  1.4
 67  5.6  3.0  4.5  1.5
 68  5.8  2.7  4.1  1.0
 69  6.2  2.2  4.5  1.5
 70  5.6  2.5  3.9  1.1
 71  5.9  3.2  4.8  1.8
 72  6.1  2.8  4.0  1.3
 73  6.3  2.5  4.9  1.5
 74  6.1  2.8  4.7  1.2
 75  6.4  2.9  4.3  1.3
 76  6.6  3.0  4.4  1.4
 77  6.8  2.8  4.8  1.4
 78  6.7  3.0  5.0  1.7
 79  6.0  2.9  4.5  1.5
 80  5.7  2.6  3.5  1.0
 81  5.5  2.4  3.8  1.1
 82  5.5  2.4  3.7  1.0
 83  5.8  2.7  3.9  1.2
 84  6.0  2.7  5.1  1.6
 85  5.4  3.0  4.5  1.5
 86  6.0  3.4  4.5  1.6
 87  6.7  3.1  4.7  1.5
 88  6.3  2.3  4.4  1.3
 89  5.6  3.0  4.1  1.3
 90  5.5  2.5  5.0  1.3
 91  5.5  2.6  4.4  1.2
 92  6.1  3.0  4.6  1.4
 93  5.8  2.6  4.0  1.2
 94  5.0  2.3  3.3  1.0
 95  5.6  2.7  4.2  1.3
 96  5.7  3.0  4.2  1.2
 97  5.7  2.9  4.2  1.3
 98  6.2  2.9  4.3  1.3
 99  5.1  2.5  3.0  1.1
100  5.7  2.8  4.1  1.3
